46972	30	20.48
46972	28	16.79
46972	223	13.72
46972	1093	11.75
46972	1356	10.96
46972	846	9.61
46972	13	8.74
46972	35	8.64
46972	1535	8.58
46972	1269	5.33
46972	1498	4.95
46972	550	4.88
46972	34	4.65
46972	396	4.3
46972	1281	3.9
46972	671	3.89
46972	692	3.85
46972	1401	2.93
46972	1178	2.63
46972	262	1.51
50	1593	28.86
50	227	26.05
50	783	25.83
50	1194	17.35
50	846	16.96
50	1621	16.76
50	1622	16.59
50	35	15.66
50	1338	15.09
50	1623	14.55
50	1624	12.39
50	1625	12.39
50	1626	12.19
50	1627	11.93
50	14	11.81
50	1488	10.27
50	1628	9.4
50	1545	7.87
50	1178	6.2
50	1567	4.57
50	554	3.57
50	262	3.12
50	1593	28.86
50	227	26.05
50	783	25.83
50	1194	17.35
50	846	16.96
50	1621	16.76
50	1622	16.59
50	35	15.66
50	1338	15.09
50	1623	14.55
50	1624	12.39
50	1625	12.39
50	1626	12.19
50	1627	11.93
50	14	11.81
50	1488	10.27
50	1628	9.4
50	1545	7.87
50	1178	6.2
50	1567	4.57
50	554	3.57
50	262	3.12
51255	1300	29.6
51255	103	24.51
51255	30	17.57
51255	1593	15.01
51255	846	14.7
51255	35	12.96
51255	281	11.63
51255	839	11.62
51255	803	11.05
51255	1524	10.84
51255	1629	10.58
51255	1630	9.14
51255	1584	9.01
51255	1631	8.45
51255	1632	8.04
51255	452	8.02
51255	1633	7.75
51255	1178	6.57
51255	1634	6.25
51255	1635	6.2
51255	1636	6.01
51255	1353	5.25
51255	1258	5.12
51255	878	5.05
51255	1494	5.03
51255	1455	4.84
51255	741	4.73
51255	1486	4.29
51255	262	3.38
51255	1300	29.6
51255	103	24.51
51255	30	17.57
51255	1593	15.01
51255	846	14.7
51255	35	12.96
51255	281	11.63
51255	839	11.62
51255	803	11.05
51255	1524	10.84
51255	1629	10.58
51255	1630	9.14
51255	1584	9.01
51255	1631	8.45
51255	1632	8.04
51255	452	8.02
51255	1633	7.75
51255	1178	6.57
51255	1634	6.25
51255	1635	6.2
51255	1636	6.01
51255	1353	5.25
51255	1258	5.12
51255	878	5.05
51255	1494	5.03
51255	1455	4.84
51255	741	4.73
51255	1486	4.29
51255	262	3.38
1682	617	23.39
1682	157	22.96
1682	1637	12.39
1682	1618	9.87
1682	35	9.18
1682	846	8.48
1682	223	7.48
1682	1638	6.1
1682	1372	5.98
1682	820	5.65
1682	1639	5.61
1682	778	5.51
1682	414	5.33
1682	681	4.84
1682	947	4.46
1682	871	3.81
1682	426	3.79
1682	1178	3.0
1682	262	1.6
30818	447	22.94
30818	1593	16.16
30818	223	12.47
30818	660	10.03
30818	35	9.18
30818	1608	8.84
30818	846	8.48
30818	1144	8.43
30818	1141	6.8
30818	902	5.96
30818	655	5.92
30818	576	4.85
30818	1640	4.35
30818	1641	4.32
30818	1642	4.3
30818	1643	4.29
30818	1644	4.08
30818	356	3.9
30818	1178	3.19
30818	262	1.69
56176	1300	26.29
56176	928	23.59
56176	1269	16.0
56176	604	15.69
56176	30	11.71
56176	929	11.69
56176	1593	11.54
56176	35	10.25
56176	507	9.59
56176	1645	9.14
56176	846	9.04
56176	1646	6.58
56176	1575	6.1
56176	1093	5.87
56176	1535	5.72
56176	1356	5.48
56176	1647	5.33
56176	1182	4.94
56176	609	4.89
56176	1178	3.75
56176	262	1.78
55768	1300	32.86
55768	604	31.37
55768	274	30.42
55768	930	27.35
55768	1129	25.47
55768	1397	25.23
55768	608	18.59
55768	1209	18.15
55768	1593	15.0
55768	223	12.47
55768	820	11.29
55768	778	11.02
55768	35	10.25
55768	846	9.61
55768	13	8.74
55768	1648	7.06
55768	1150	6.05
55768	1649	3.77
55768	1178	3.75
55768	1650	3.75
55768	262	1.78
53993	30	38.04
53993	1300	36.14
53993	507	23.99
53993	1019	23.59
53993	1547	23.35
53993	1593	20.77
53993	35	17.81
53993	846	17.52
53993	281	17.44
53993	1524	16.26
53993	1498	14.84
53993	1651	14.12
53993	1221	13.89
53993	803	13.8
53993	804	12.66
53993	884	8.33
53993	1652	8.04
53993	1653	7.35
53993	1178	6.19
53993	1379	5.31
53993	790	5.23
53993	1204	5.17
53993	262	3.2
53993	30	38.04
53993	1300	36.14
53993	507	23.99
53993	1019	23.59
53993	1547	23.35
53993	1593	20.77
53993	35	17.81
53993	846	17.52
53993	281	17.44
53993	1524	16.26
53993	1498	14.84
53993	1651	14.12
53993	1221	13.89
53993	803	13.8
53993	804	12.66
53993	884	8.33
53993	1652	8.04
53993	1653	7.35
53993	1178	6.19
53993	1379	5.31
53993	790	5.23
53993	1204	5.17
53993	262	3.2
50872	1300	42.75
50872	30	23.43
50872	1654	18.29
50872	35	16.2
50872	1593	16.16
50872	928	15.75
50872	710	13.89
50872	1053	12.77
50872	789	12.73
50872	1305	9.47
50872	1655	9.14
50872	1019	8.85
50872	95	7.75
50872	1373	7.35
50872	1656	7.19
50872	1178	6.2
50872	1332	5.77
50872	1594	4.5
50872	1189	4.32
50872	664	4.22
50872	1657	4.21
50872	262	3.21
50872	1300	42.75
50872	30	23.43
50872	1654	18.29
50872	35	16.2
50872	1593	16.16
50872	928	15.75
50872	710	13.89
50872	1053	12.77
50872	789	12.73
50872	1305	9.47
50872	1655	9.14
50872	1019	8.85
50872	95	7.75
50872	1373	7.35
50872	1656	7.19
50872	1178	6.2
50872	1332	5.77
50872	1594	4.5
50872	1189	4.32
50872	664	4.22
50872	1657	4.21
50872	262	3.21
31694	751	28.99
31694	1658	15.06
31694	1659	14.39
31694	1660	14.12
31694	907	11.68
31694	968	11.1
31694	1432	10.83
31694	1661	9.14
31694	1401	8.8
31694	223	8.73
31694	1662	8.45
31694	1663	8.04
31694	846	7.91
31694	1664	7.75
31694	35	7.56
31694	1665	7.53
31694	1545	4.72
31694	440	3.61
31694	1141	3.4
31694	1178	3.19
31694	1498	2.47
31694	262	1.51
1213	954	30.69
1213	936	27.34
1213	735	26.35
1213	168	26.14
1213	783	25.78
1213	1447	21.25
1213	1338	20.05
1213	1666	17.65
1213	541	17.41
1213	1667	16.08
1213	1668	14.12
1213	1593	13.85
1213	770	13.61
1213	1608	13.27
1213	1669	13.0
1213	1670	12.87
1213	21	12.64
1213	1671	11.41
1213	1016	10.81
1213	728	10.81
1213	519	10.25
1213	975	10.01
1213	846	9.61
1213	1672	9.14
1213	35	8.64
1213	1673	8.45
1213	1446	7.18
1213	1228	6.66
1213	1000	6.31
1213	863	5.54
1213	1339	5.03
1213	660	5.01
1213	787	4.7
1213	371	4.41
1213	1640	4.35
1213	1641	4.32
1213	1072	4.1
1213	1178	3.38
1213	262	1.6
60126	1674	35.92
60126	30	17.56
60126	1593	12.69
60126	223	9.98
60126	35	9.71
60126	1321	9.17
60126	846	7.91
60126	519	7.68
60126	975	7.51
60126	1675	6.84
60126	1676	6.74
60126	1016	5.41
60126	759	5.21
60126	1677	5.19
60126	1476	4.97
60126	1539	4.88
60126	1178	3.38
60126	262	1.6
41566	405	17.2
41566	259	11.65
41566	35	10.25
41566	1053	8.5
41566	789	8.47
41566	256	7.96
41566	928	7.86
41566	1678	6.15
41566	1679	5.85
41566	1680	5.81
41566	1681	5.77
41566	877	5.03
41566	846	4.52
41566	262	1.69
56152	1300	42.79
56152	641	35.44
56152	13	26.25
56152	35	24.84
56152	846	23.18
56152	352	17.51
56152	1647	16.14
56152	873	16.12
56152	950	12.64
56152	965	12.58
56152	928	11.83
56152	30	11.72
56152	1178	9.58
56152	256	7.99
56152	1682	6.31
56152	814	5.77
56152	1269	5.38
56152	262	4.73
56152	1300	42.79
56152	641	35.44
56152	13	26.25
56152	35	24.84
56152	846	23.18
56152	352	17.51
56152	1647	16.14
56152	873	16.12
56152	950	12.64
56152	965	12.58
56152	928	11.83
56152	30	11.72
56152	1178	9.58
56152	256	7.99
56152	1682	6.31
56152	814	5.77
56152	1269	5.38
56152	262	4.73
56152	1300	42.79
56152	641	35.44
56152	13	26.25
56152	35	24.84
56152	846	23.18
56152	352	17.51
56152	1647	16.14
56152	873	16.12
56152	950	12.64
56152	965	12.58
56152	928	11.83
56152	30	11.72
56152	1178	9.58
56152	256	7.99
56152	1682	6.31
56152	814	5.77
56152	1269	5.38
56152	262	4.73
56915	1300	32.86
56915	1593	15.0
56915	223	14.97
56915	34	13.96
56915	846	10.17
56915	35	9.71
56915	1594	8.97
56915	107	6.12
56915	219	5.62
56915	1611	5.57
56915	1178	3.75
56915	1618	3.29
56915	262	1.78
3996	157	34.44
3996	259	23.3
3996	223	11.23
3996	1139	10.5
3996	1593	10.39
3996	922	10.31
3996	1499	9.57
3996	1354	8.94
3996	1683	6.58
3996	1684	6.15
3996	1024	5.92
3996	877	5.03
3996	550	4.88
3996	1252	4.75
3996	1460	3.25
3996	115	2.65
2951	1391	38.52
2951	868	28.87
2951	1381	22.59
2951	994	22.58
2951	775	20.83
2951	468	17.65
2951	225	16.59
2951	1197	15.57
2951	1442	13.47
2951	229	11.06
2951	567	10.27
2951	87	9.9
2951	1136	8.45
2951	111	7.99
2951	316	7.75
2951	1145	7.58
2951	1336	7.06
2951	1558	6.2
2951	230	5.45
2951	1685	5.06
2951	836	4.85
2951	1263	4.67
2951	831	4.34
2951	1072	4.1
2951	438	3.43
2951	1178	3.0
2951	1035	2.5
2951	262	1.69
55267	1300	42.75
55267	30	23.43
55267	223	21.21
55267	846	16.96
55267	35	16.74
55267	1640	13.06
55267	1641	12.99
55267	738	11.46
55267	1629	10.58
55267	1178	6.38
55267	1035	5.83
55267	1686	5.08
55267	1498	4.95
55267	657	4.07
55267	1259	4.03
55267	446	3.97
55267	732	3.27
55267	262	3.03
55267	1300	42.75
55267	30	23.43
55267	223	21.21
55267	846	16.96
55267	35	16.74
55267	1640	13.06
55267	1641	12.99
55267	738	11.46
55267	1629	10.58
55267	1178	6.38
55267	1035	5.83
55267	1686	5.08
55267	1498	4.95
55267	657	4.07
55267	1259	4.03
55267	446	3.97
55267	732	3.27
55267	262	3.03
923	936	61.51
923	720	23.09
923	1488	20.46
923	612	18.56
923	223	14.97
923	13	14.56
923	35	10.25
923	1687	10.03
923	846	9.61
923	1688	6.15
923	1277	5.77
923	1158	5.29
923	1689	5.06
923	212	4.89
923	302	4.84
923	1178	3.38
923	1213	3.19
923	937	2.82
923	262	1.69
1258	1201	16.66
1258	1690	14.39
1258	1691	13.89
1258	1593	13.85
1258	1692	13.68
1258	1016	13.52
1258	1693	13.31
1258	1694	13.15
1258	519	12.81
1258	975	12.51
1258	761	12.0
1258	846	9.61
1258	571	9.57
1258	35	9.18
1258	1695	8.45
1258	1696	8.04
1258	223	7.48
1258	1697	7.19
1258	1698	6.58
1258	914	5.68
1258	516	5.45
1258	1699	5.15
1258	52	4.75
1258	1132	4.71
1258	1178	3.38
1258	262	1.69
48738	28	43.64
48738	447	22.94
48738	1700	14.35
48738	1701	14.28
48738	1401	11.74
48738	846	9.61
48738	247	9.59
48738	1702	8.04
48738	788	7.75
48738	647	7.53
48738	1703	7.35
48738	35	6.48
48738	506	5.64
48738	277	5.1
48738	1570	3.96
48738	1178	3.0
48738	262	1.6
37741	405	27.52
37741	447	25.49
37741	223	17.46
37741	1593	15.0
37741	1446	14.35
37741	52	14.24
37741	1608	13.27
37741	1704	13.0
37741	21	12.64
37741	1705	12.5
37741	846	10.74
37741	277	10.2
37741	35	9.71
37741	541	8.71
37741	1121	8.61
37741	448	8.56
37741	197	7.62
37741	1706	6.5
37741	1707	6.37
37741	1708	4.39
37741	1442	3.37
37741	225	3.32
37741	1178	3.19
37741	262	1.69
48385	28	30.21
48385	30	17.56
48385	846	12.43
48385	223	9.98
48385	335	4.0
48385	262	3.11
48385	1093	2.94
48385	13	2.91
48385	1535	2.86
48385	879	2.78
48385	1356	2.74
48385	28	30.21
48385	30	17.56
48385	846	12.43
48385	223	9.98
48385	335	4.0
48385	262	3.11
48385	1093	2.94
48385	13	2.91
48385	1535	2.86
48385	879	2.78
48385	1356	2.74
8464	1593	32.32
8464	1623	29.1
8464	846	20.91
8464	35	18.36
8464	1141	17.02
8464	440	16.26
8464	511	16.04
8464	1709	8.92
8464	1710	8.3
8464	1178	6.95
8464	480	5.77
8464	528	3.75
8464	1475	3.71
8464	262	3.56
8464	1593	32.32
8464	1623	29.1
8464	846	20.91
8464	35	18.36
8464	1141	17.02
8464	440	16.26
8464	511	16.04
8464	1709	8.92
8464	1710	8.3
8464	1178	6.95
8464	480	5.77
8464	528	3.75
8464	1475	3.71
8464	262	3.56
53996	163	56.35
53996	752	29.65
53996	1300	29.57
53996	804	29.55
53996	35	18.35
53996	1209	18.15
53996	929	17.54
53996	846	16.95
53996	253	13.32
53996	1172	11.32
53996	379	10.2
53996	588	9.42
53996	1126	8.63
53996	738	7.64
53996	1711	7.35
53996	1178	6.75
53996	1712	6.25
53996	1372	5.98
53996	1325	5.88
53996	820	5.65
53996	778	5.51
53996	1035	5.0
53996	1221	4.63
53996	1594	4.49
53996	262	3.38
53996	1498	2.47
53996	163	56.35
53996	752	29.65
53996	1300	29.57
53996	804	29.55
53996	35	18.35
53996	1209	18.15
53996	929	17.54
53996	846	16.95
53996	253	13.32
53996	1172	11.32
53996	379	10.2
53996	588	9.42
53996	1126	8.63
53996	738	7.64
53996	1711	7.35
53996	1178	6.75
53996	1712	6.25
53996	1372	5.98
53996	1325	5.88
53996	820	5.65
53996	778	5.51
53996	1035	5.0
53996	1221	4.63
53996	1594	4.49
53996	262	3.38
53996	1498	2.47
33794	163	18.78
33794	1713	15.51
33794	519	12.81
33794	975	12.51
33794	1593	11.54
33794	35	9.71
33794	1625	8.25
33794	1714	8.04
33794	1715	7.19
33794	405	6.88
33794	1716	6.74
33794	1680	5.81
33794	1681	5.77
33794	1126	5.75
33794	1717	5.4
33794	1718	4.67
33794	1486	4.28
33794	1178	3.38
33794	262	1.6
1466	783	34.37
1466	168	26.14
1466	1593	13.85
1466	13	11.65
1466	464	11.48
1466	1671	11.41
1466	1569	10.56
1466	1719	9.59
1466	1720	9.49
1466	846	9.04
1466	738	7.64
1466	1721	6.43
1466	1722	5.61
1466	1178	3.56
1466	292	3.23
1466	1545	3.15
1466	262	1.69
1466	1035	1.67
4848	1172	22.65
4848	1593	16.16
4848	216	15.4
4848	846	10.17
4848	223	9.98
4848	35	9.71
4848	1718	9.35
4848	1567	9.11
4848	799	8.53
4848	1625	8.25
4848	1723	8.04
4848	1724	7.75
4848	1725	7.35
4848	1726	7.06
4848	261	6.76
4848	1727	6.66
4848	1728	6.25
4848	1729	6.2
4848	1730	6.15
4848	1638	6.1
4848	1731	5.74
4848	46	5.45
4848	1732	5.27
4848	681	4.84
4848	1733	4.82
4848	1734	4.75
4848	947	4.46
4848	1211	4.29
4848	197	3.81
4848	1178	3.0
4848	262	1.6
5418	163	52.59
5418	1735	27.26
5418	149	27.11
5418	307	21.18
5418	1593	20.77
5418	690	18.15
5418	1143	17.77
5418	1058	17.03
5418	82	16.93
5418	35	16.19
5418	1736	16.08
5418	1737	15.51
5418	1539	14.63
5418	281	14.53
5418	440	14.45
5418	1738	13.89
5418	1739	13.68
5418	1524	13.55
5418	1740	12.74
5418	1741	12.62
5418	1742	12.39
5418	1743	12.29
5418	846	11.87
5418	1744	11.84
5418	1745	11.62
5418	1746	11.06
5418	803	11.04
5418	872	9.9
5418	1019	8.85
5418	1189	8.63
5418	884	8.33
5418	1747	7.53
5418	1748	7.19
5418	1749	7.06
5418	1750	6.74
5418	1751	6.2
5418	73	6.16
5418	100	5.88
5418	1178	5.44
5418	1752	5.31
5418	1394	5.29
5418	1753	5.25
5418	609	4.89
5418	1305	4.72
5418	17	4.3
5418	262	2.76
5418	163	52.59
5418	1735	27.26
5418	149	27.11
5418	307	21.18
5418	1593	20.77
5418	690	18.15
5418	1143	17.77
5418	1058	17.03
5418	82	16.93
5418	35	16.19
5418	1736	16.08
5418	1737	15.51
5418	1539	14.63
5418	281	14.53
5418	440	14.45
5418	1738	13.89
5418	1739	13.68
5418	1524	13.55
5418	1740	12.74
5418	1741	12.62
5418	1742	12.39
5418	1743	12.29
5418	846	11.87
5418	1744	11.84
5418	1745	11.62
5418	1746	11.06
5418	803	11.04
5418	872	9.9
5418	1019	8.85
5418	1189	8.63
5418	884	8.33
5418	1747	7.53
5418	1748	7.19
5418	1749	7.06
5418	1750	6.74
5418	1751	6.2
5418	73	6.16
5418	100	5.88
5418	1178	5.44
5418	1752	5.31
5418	1394	5.29
5418	1753	5.25
5418	609	4.89
5418	1305	4.72
5418	17	4.3
5418	262	2.76
8665	690	24.2
8665	1143	23.69
8665	1200	21.81
8665	307	21.18
8665	149	19.37
8665	1741	18.92
8665	163	18.78
8665	1736	16.08
8665	1737	15.51
8665	1593	15.0
8665	1739	13.68
8665	1754	12.74
8665	1742	12.39
8665	1058	11.35
8665	82	11.29
8665	223	11.23
8665	1141	10.2
8665	1539	9.76
8665	35	9.18
8665	1755	9.14
8665	440	9.03
8665	13	8.74
8665	281	8.72
8665	846	8.48
8665	1524	8.13
8665	1756	8.04
8665	1757	7.75
8665	1758	6.66
8665	1759	6.58
8665	1760	6.43
8665	1761	6.25
8665	1744	5.92
8665	1745	5.81
8665	803	5.52
8665	1762	5.29
8665	1178	2.81
8665	73	2.05
8665	262	1.6
54286	1300	29.57
54286	163	26.29
54286	690	18.15
54286	1143	17.77
54286	103	16.31
54286	1736	16.08
54286	1737	15.51
54286	281	14.53
54286	307	14.12
54286	1593	13.85
54286	803	13.8
54286	1739	13.68
54286	1524	13.55
54286	1754	12.74
54286	1741	12.62
54286	1742	12.39
54286	1058	11.35
54286	82	11.29
54286	223	11.23
54286	1200	10.9
54286	1539	9.76
54286	846	9.61
54286	1763	9.54
54286	1305	9.44
54286	35	9.18
54286	1755	9.14
54286	1756	8.04
54286	1757	7.75
54286	1764	7.35
54286	1765	6.84
54286	1766	6.74
54286	1758	6.66
54286	1759	6.58
54286	1760	6.43
54286	13	5.82
54286	441	4.91
54286	873	4.02
54286	1609	3.92
54286	1178	3.38
54286	262	1.69
4855	1391	27.52
4855	1126	25.88
4855	868	17.32
4855	149	11.62
4855	859	11.23
4855	1016	10.81
4855	975	10.01
4855	931	8.86
4855	223	8.73
4855	35	8.64
4855	519	7.68
4855	846	7.35
4855	1767	6.94
4855	1351	6.84
4855	631	6.2
4855	508	5.25
4855	77	5.21
4855	1768	5.13
4855	1035	5.0
4855	1628	4.69
4855	1738	4.63
4855	1330	4.27
4855	1178	3.19
4855	262	1.69
750	936	61.57
750	35	17.28
750	223	16.22
750	846	15.83
750	1769	14.7
750	1691	14.12
750	1692	13.89
750	1693	13.49
750	157	11.55
750	282	11.42
750	71	11.34
750	150	8.34
750	612	7.96
750	1178	6.01
750	1520	5.61
750	1278	4.27
750	107	3.06
750	262	3.03
750	219	2.81
750	1611	2.79
750	936	61.57
750	35	17.28
750	223	16.22
750	846	15.83
750	1769	14.7
750	1691	14.12
750	1692	13.89
750	1693	13.49
750	157	11.55
750	282	11.42
750	71	11.34
750	150	8.34
750	612	7.96
750	1178	6.01
750	1520	5.61
750	1278	4.27
750	107	3.06
750	262	3.03
750	219	2.81
750	1611	2.79
2542	783	17.19
2542	1770	16.14
2542	1194	12.99
2542	1019	11.79
2542	1593	11.54
2542	1621	11.11
2542	1622	11.01
2542	269	10.76
2542	1447	10.62
2542	1771	9.14
2542	770	9.07
2542	846	8.48
2542	937	8.46
2542	1772	8.45
2542	664	8.43
2542	1773	8.04
2542	1774	7.75
2542	1775	7.35
2542	1776	7.19
2542	1418	6.95
2542	1777	6.84
2542	1778	6.5
2542	1779	6.43
2542	1368	6.15
2542	1294	6.1
2542	1636	5.96
2542	1780	5.92
2542	1781	5.85
2542	738	5.73
2542	1782	5.61
2542	1783	5.4
2542	1784	5.31
2542	227	5.19
2542	1785	5.03
2542	1498	4.95
2542	103	4.08
2542	287	4.02
2542	281	2.91
2542	1035	2.5
2542	1545	1.57
2542	262	1.51
1207	936	51.26
1207	612	23.87
1207	803	13.8
1207	281	11.63
1207	1524	10.84
1207	1593	10.39
1207	846	9.61
1207	776	8.1
1207	1786	7.06
1207	1704	6.5
1207	1019	5.9
1207	736	5.74
1207	1574	5.31
1207	115	5.29
1207	3	5.25
1207	277	5.1
1207	420	4.91
1207	1499	4.78
1207	802	4.28
1207	1178	3.0
1207	440	1.81
1207	262	1.6
49961	447	30.61
49961	28	30.24
49961	115	18.54
49961	35	15.66
49961	846	14.7
49961	1401	14.68
49961	1700	14.39
49961	1701	14.31
49961	1787	10.2
49961	1364	7.31
49961	1178	6.57
49961	1788	6.5
49961	1789	6.37
49961	1790	5.92
49961	1791	5.71
49961	807	5.5
49961	463	5.48
49961	764	4.8
49961	262	3.3
49961	447	30.61
49961	28	30.24
49961	115	18.54
49961	35	15.66
49961	846	14.7
49961	1401	14.68
49961	1700	14.39
49961	1701	14.31
49961	1787	10.2
49961	1364	7.31
49961	1178	6.57
49961	1788	6.5
49961	1789	6.37
49961	1790	5.92
49961	1791	5.71
49961	807	5.5
49961	463	5.48
49961	764	4.8
49961	262	3.3
48516	28	33.57
48516	1016	13.52
48516	1593	12.69
48516	975	12.51
48516	1019	11.79
48516	519	10.25
48516	846	9.61
48516	1189	8.63
48516	223	7.48
48516	35	7.02
48516	1792	6.94
48516	1793	6.74
48516	498	5.43
48516	1770	5.38
48516	420	4.91
48516	1361	4.84
48516	923	4.8
48516	1628	4.69
48516	1502	4.35
48516	1486	4.28
48516	1145	3.79
48516	1178	2.81
48516	262	1.6
866	783	34.37
866	1194	17.31
866	223	14.97
866	46	10.9
866	732	9.81
866	35	9.71
866	846	9.04
866	1625	8.25
866	738	7.64
866	541	4.35
866	1281	3.9
866	671	3.89
866	197	3.81
866	440	3.61
866	1178	3.56
866	937	2.82
866	262	1.69
31162	738	11.46
31162	223	8.73
31162	35	8.64
31162	1401	5.87
31162	1732	5.27
31162	1339	5.03
31162	487	4.4
31162	1570	3.96
31162	1141	3.4
31162	1178	3.38
31162	262	1.78
1617	783	21.48
1617	1172	15.1
1617	1593	13.85
1617	519	12.81
1617	975	12.51
1617	1627	11.84
1617	1016	10.81
1617	227	10.38
1617	846	9.04
1617	223	8.73
1617	35	8.1
1617	1794	8.04
1617	1795	7.53
1617	1796	7.19
1617	1797	6.05
1617	1798	5.77
1617	738	5.73
1617	1067	5.61
1617	1799	4.98
1617	420	4.91
1617	1567	4.56
1617	931	4.43
1617	1608	4.42
1617	1625	4.12
1617	732	3.27
1617	1460	3.25
1617	1178	3.19
1617	1035	1.67
1617	262	1.51
9999999	0	0.32
9999999	1	0.9400000000000001
9999999	2	0.12
9999999	3	0.38
9999999	4	0.13999999999999999
9999999	5	0.22000000000000003
9999999	6	0.3
9999999	7	0.02
9999999	8	1.2
9999999	9	0.32
9999999	10	0.32
9999999	11	0.8400000000000001
9999999	12	0.8
9999999	13	4.460000000000001
9999999	14	1.4600000000000002
9999999	15	0.2
9999999	16	0.12
9999999	17	0.18
9999999	18	0.34
9999999	19	0.13999999999999999
9999999	20	0.38
9999999	21	0.68
9999999	22	0.27999999999999997
9999999	23	0.32
9999999	24	0.18
9999999	25	0.08
9999999	26	0.1
9999999	27	0.9
9999999	28	1.7400000000000002
9999999	29	0.36
9999999	30	2.9400000000000004
9999999	31	0.2
9999999	32	0.13999999999999999
9999999	33	0.16
9999999	34	1.06
9999999	35	33.44000000000001
9999999	36	0.18
9999999	37	0.33999999999999997
9999999	38	0.2
9999999	39	0.16
9999999	40	0.16
9999999	41	1.4800000000000002
9999999	42	0.4
9999999	43	0.76
9999999	44	0.12
9999999	45	0.38
9999999	46	0.9600000000000002
9999999	47	0.4
9999999	48	0.12
9999999	49	0.02
9999999	50	1.5000000000000002
9999999	51	0.54
9999999	52	0.5599999999999999
9999999	53	0.16
9999999	54	0.32
9999999	55	0.02
9999999	56	0.3
9999999	57	0.96
9999999	58	0.34
9999999	59	0.18
9999999	60	0.18
9999999	61	0.62
9999999	62	0.16
9999999	63	0.41999999999999993
9999999	64	0.2
9999999	65	0.34
9999999	66	0.26
9999999	67	0.6799999999999999
9999999	68	0.16
9999999	69	0.16
9999999	70	0.2
9999999	71	0.2
9999999	72	0.33999999999999997
9999999	73	1.9400000000000002
9999999	74	0.6
9999999	75	1.22
9999999	76	2.2199999999999998
9999999	77	0.6
9999999	78	0.18
9999999	79	0.18
9999999	80	0.12
9999999	81	0.02
9999999	82	0.86
9999999	83	1.02
9999999	84	0.13999999999999999
9999999	85	0.18
9999999	86	0.72
9999999	87	0.4
9999999	88	0.4
9999999	89	0.68
9999999	90	0.13999999999999999
9999999	91	0.33999999999999997
9999999	92	0.27999999999999997
9999999	93	0.38
9999999	94	0.38
9999999	95	0.38
9999999	96	0.06
9999999	97	0.4800000000000001
9999999	98	0.24
9999999	99	0.72
9999999	100	0.13999999999999999
9999999	101	0.02
9999999	102	0.04
9999999	103	1.2
9999999	104	0.12
9999999	105	0.18
9999999	106	0.76
9999999	107	3.04
9999999	108	0.72
9999999	109	0.04
9999999	110	0.16
9999999	111	0.18
9999999	112	0.2
9999999	113	0.26
9999999	114	0.04
9999999	115	1.7599999999999998
9999999	116	0.16
9999999	117	0.08
9999999	118	0.8400000000000001
9999999	119	0.74
9999999	120	0.13999999999999999
9999999	121	0.12
9999999	122	0.18
9999999	123	0.1
9999999	124	0.27999999999999997
9999999	125	0.18
9999999	126	0.86
9999999	127	0.8
9999999	128	0.16
9999999	129	0.5
9999999	130	0.06
9999999	131	0.1
9999999	132	0.76
9999999	133	0.54
9999999	134	0.13999999999999999
9999999	135	0.08
9999999	136	0.62
9999999	137	0.34
9999999	138	0.3
9999999	139	0.2
9999999	140	0.04
9999999	141	0.13999999999999999
9999999	142	0.13999999999999999
9999999	143	0.16
9999999	144	0.18
9999999	145	1.22
9999999	146	0.4
9999999	147	0.4800000000000001
9999999	148	0.18
9999999	149	2.1200000000000006
9999999	150	0.8400000000000002
9999999	151	0.16
9999999	152	0.16
9999999	153	0.13999999999999999
9999999	154	0.41999999999999993
9999999	155	0.2
9999999	156	0.16
9999999	157	1.54
9999999	158	0.18
9999999	159	0.41999999999999993
9999999	160	0.18
9999999	161	0.36
9999999	162	0.1
9999999	163	0.36
9999999	164	0.82
9999999	165	0.16
9999999	166	0.54
9999999	167	0.44000000000000006
9999999	168	0.8
9999999	169	0.16
9999999	170	0.45999999999999996
9999999	171	0.6599999999999999
9999999	172	0.16
9999999	173	0.42000000000000004
9999999	174	0.9400000000000001
9999999	175	0.7
9999999	176	0.78
9999999	177	0.33999999999999997
9999999	178	0.16
9999999	179	0.2
9999999	180	0.2
9999999	181	0.2
9999999	182	1.9600000000000002
9999999	183	1.1
9999999	184	0.2
9999999	185	0.32
9999999	186	0.36
9999999	187	0.27999999999999997
9999999	188	0.32
9999999	189	1.1600000000000001
9999999	190	0.4
9999999	191	1.5399999999999998
9999999	192	0.04
9999999	193	1.2200000000000002
9999999	194	0.18
9999999	195	0.08
9999999	196	0.76
9999999	197	0.2
9999999	198	0.2
9999999	199	0.13999999999999999
9999999	200	0.44000000000000006
9999999	201	0.02
9999999	202	0.08
9999999	203	0.54
9999999	204	0.04
9999999	205	0.12
9999999	206	0.3
9999999	207	0.13999999999999999
9999999	208	0.52
9999999	209	0.52
9999999	210	0.34
9999999	211	0.2
9999999	212	0.18
9999999	213	0.9
9999999	214	0.72
9999999	215	0.4800000000000001
9999999	216	0.13999999999999999
9999999	217	0.04
9999999	218	0.2
9999999	219	3.2399999999999998
9999999	220	0.2
9999999	221	0.34
9999999	222	0.8400000000000001
9999999	223	13.100000000000005
9999999	224	0.9
9999999	225	2.4400000000000004
9999999	226	0.16
9999999	227	0.5599999999999999
9999999	228	0.16
9999999	229	0.18
9999999	230	0.18
9999999	231	0.16
9999999	232	0.18
9999999	233	0.2
9999999	234	0.08
9999999	235	0.16
9999999	236	0.45999999999999996
9999999	237	0.6
9999999	238	0.34
9999999	239	0.2
9999999	240	2.1000000000000005
9999999	241	0.16
9999999	242	0.04
9999999	243	0.16
9999999	244	0.13999999999999999
9999999	245	0.13999999999999999
9999999	246	0.24
9999999	247	0.8400000000000001
9999999	248	0.27999999999999997
9999999	249	0.2
9999999	250	0.32
9999999	251	0.34
9999999	252	0.34
9999999	253	0.86
9999999	254	0.18
9999999	255	0.16
9999999	256	0.64
9999999	257	0.06
9999999	258	0.2
9999999	259	1.1400000000000001
9999999	260	1.06
9999999	261	1.5800000000000003
9999999	262	37.86000000000003
9999999	263	0.24
9999999	264	0.34
9999999	265	0.08
9999999	266	0.13999999999999999
9999999	267	0.36
9999999	268	0.45999999999999996
9999999	269	0.18
9999999	270	0.16
9999999	271	0.8
9999999	272	0.4
9999999	273	0.2
9999999	274	1.48
9999999	275	0.13999999999999999
9999999	276	0.13999999999999999
9999999	277	1.6
9999999	278	0.13999999999999999
9999999	279	1.52
9999999	280	0.18
9999999	281	3.3400000000000007
9999999	282	0.2
9999999	283	0.5599999999999999
9999999	284	0.18
9999999	285	0.8400000000000001
9999999	286	0.22000000000000003
9999999	287	0.18
9999999	288	0.5599999999999999
9999999	289	0.12
9999999	290	0.8200000000000001
9999999	291	0.13999999999999999
9999999	292	2.48
9999999	293	0.38
9999999	294	0.1
9999999	295	0.2
9999999	296	0.13999999999999999
9999999	297	0.2
9999999	298	0.27999999999999997
9999999	299	0.36
9999999	300	0.48
9999999	301	0.16
9999999	302	0.18
9999999	303	0.72
9999999	304	0.3
9999999	305	0.04
9999999	306	0.13999999999999999
9999999	307	0.36
9999999	308	1.08
9999999	309	0.34
9999999	310	0.32
9999999	311	0.13999999999999999
9999999	312	0.45999999999999996
9999999	313	0.12
9999999	314	0.4
9999999	315	0.16
9999999	316	0.18
9999999	317	0.08
9999999	318	0.2
9999999	319	0.02
9999999	320	0.32
9999999	321	0.06
9999999	322	0.58
9999999	323	0.16
9999999	324	0.52
9999999	325	0.6799999999999999
9999999	326	0.18
9999999	327	0.32
9999999	328	0.27999999999999997
9999999	329	0.58
9999999	330	0.06
9999999	331	1.2200000000000002
9999999	332	0.36
9999999	333	1.02
9999999	334	0.02
9999999	335	0.2
9999999	336	0.54
9999999	337	0.18
9999999	338	0.08
9999999	339	0.04
9999999	340	0.2
9999999	341	0.12
9999999	342	0.34
9999999	343	0.2
9999999	344	0.4800000000000001
9999999	345	0.16
9999999	346	0.4
9999999	347	0.7
9999999	348	0.27999999999999997
9999999	349	0.16
9999999	350	1.6
9999999	351	0.48
9999999	352	0.24
9999999	353	0.27999999999999997
9999999	354	0.4800000000000001
9999999	355	0.27999999999999997
9999999	356	0.16
9999999	357	0.02
9999999	358	0.04
9999999	359	0.13999999999999999
9999999	360	0.16
9999999	361	0.2
9999999	362	0.7
9999999	363	0.2
9999999	364	0.16
9999999	365	0.32
9999999	366	0.36
9999999	367	0.12
9999999	368	0.4
9999999	369	0.36
9999999	370	0.4
9999999	371	0.41999999999999993
9999999	372	0.24
9999999	373	0.2
9999999	374	0.06
9999999	375	0.04
9999999	376	0.52
9999999	377	0.4800000000000001
9999999	378	0.12
9999999	379	0.45999999999999996
9999999	380	0.2
9999999	381	0.18
9999999	382	0.16
9999999	383	0.44000000000000006
9999999	384	0.18
9999999	385	0.44000000000000006
9999999	386	0.5
9999999	387	0.18
9999999	388	0.54
9999999	389	1.02
9999999	390	0.18
9999999	391	0.16
9999999	392	0.13999999999999999
9999999	393	0.82
9999999	394	0.06
9999999	395	0.18
9999999	396	0.18
9999999	397	0.18
9999999	398	0.4800000000000001
9999999	399	0.04
9999999	400	0.26
9999999	401	0.16
9999999	402	0.27999999999999997
9999999	403	0.12
9999999	404	0.8400000000000001
9999999	405	0.86
9999999	406	0.18
9999999	407	0.16
9999999	408	0.22000000000000003
9999999	409	0.58
9999999	410	0.36
9999999	411	0.41999999999999993
9999999	412	0.54
9999999	413	0.06
9999999	414	0.5599999999999999
9999999	415	0.16
9999999	416	0.13999999999999999
9999999	417	0.2
9999999	418	0.32
9999999	419	0.36
9999999	420	1.28
9999999	421	0.18
9999999	422	0.27999999999999997
9999999	423	0.4800000000000001
9999999	424	0.27999999999999997
9999999	425	0.36
9999999	426	0.34
9999999	427	0.27999999999999997
9999999	428	0.5599999999999999
9999999	429	0.58
9999999	430	0.27999999999999997
9999999	431	0.27999999999999997
9999999	432	0.9400000000000001
9999999	433	0.2
9999999	434	0.04
9999999	435	0.6
9999999	436	0.68
9999999	437	0.2
9999999	438	0.18
9999999	439	0.32
9999999	440	9.199999999999996
9999999	441	1.6
9999999	442	0.25999999999999995
9999999	443	0.36
9999999	444	0.24
9999999	445	0.33999999999999997
9999999	446	1.8
9999999	447	1.16
9999999	448	0.2
9999999	449	0.16
9999999	450	0.1
9999999	451	0.18
9999999	452	0.64
9999999	453	0.34
9999999	454	0.8
9999999	455	0.42000000000000004
9999999	456	0.18
9999999	457	0.8
9999999	458	0.9800000000000001
9999999	459	0.12
9999999	460	0.42000000000000004
9999999	461	0.68
9999999	462	0.04
9999999	463	0.62
9999999	464	0.8
9999999	465	0.04
9999999	466	0.13999999999999999
9999999	467	0.76
9999999	468	0.32
9999999	469	0.04
9999999	470	0.2
9999999	471	0.16
9999999	472	0.2
9999999	473	0.4
9999999	474	1.78
9999999	475	0.3
9999999	476	0.32
9999999	477	0.02
9999999	478	0.4800000000000001
9999999	479	0.02
9999999	480	0.13999999999999999
9999999	481	0.7
9999999	482	0.34
9999999	483	0.16
9999999	484	0.3
9999999	485	0.52
9999999	486	0.13999999999999999
9999999	487	0.54
9999999	488	0.18
9999999	489	0.36
9999999	490	0.3
9999999	491	0.36
9999999	492	0.16
9999999	493	0.32
9999999	494	0.1
9999999	495	0.16
9999999	496	0.36
9999999	497	0.13999999999999999
9999999	498	0.54
9999999	499	0.12
9999999	500	0.16
9999999	501	0.38
9999999	502	0.24
9999999	503	0.34
9999999	504	0.32
9999999	505	0.34
9999999	506	0.2
9999999	507	1.6199999999999999
9999999	508	0.26
9999999	509	0.58
9999999	510	0.06
9999999	511	0.9600000000000002
9999999	512	0.2
9999999	513	0.18
9999999	514	0.04
9999999	515	0.22000000000000003
9999999	516	0.8400000000000001
9999999	517	0.18
9999999	518	0.13999999999999999
9999999	519	3.54
9999999	520	0.08
9999999	521	0.18
9999999	522	0.18
9999999	523	0.18
9999999	524	0.16
9999999	525	0.16
9999999	526	0.18
9999999	527	0.3
9999999	528	0.12000000000000002
9999999	529	0.18
9999999	530	0.2
9999999	531	0.16
9999999	532	0.32
9999999	533	0.9800000000000001
9999999	534	0.36
9999999	535	0.27999999999999997
9999999	536	0.15999999999999998
9999999	537	0.2
9999999	538	0.16
9999999	539	0.16
9999999	540	0.18
9999999	541	0.8
9999999	542	0.04
9999999	543	0.04
9999999	544	0.16
9999999	545	0.16
9999999	546	0.6
9999999	547	0.9199999999999999
9999999	548	0.16
9999999	549	0.1
9999999	550	0.32
9999999	551	0.36
9999999	552	0.32
9999999	553	0.62
9999999	554	0.96
9999999	555	0.12
9999999	556	0.54
9999999	557	0.18
9999999	558	0.16
9999999	559	0.54
9999999	560	0.12
9999999	561	0.8
9999999	562	0.8200000000000001
9999999	563	0.18
9999999	564	0.08
9999999	565	0.18
9999999	566	0.16
9999999	567	0.16
9999999	568	0.42000000000000004
9999999	569	0.2
9999999	570	0.2
9999999	571	1.0799999999999998
9999999	572	0.27999999999999997
9999999	573	0.32
9999999	574	0.13999999999999999
9999999	575	0.27999999999999997
9999999	576	0.44000000000000006
9999999	577	0.12
9999999	578	0.32
9999999	579	0.16
9999999	580	0.04
9999999	581	0.52
9999999	582	0.38
9999999	583	0.5199999999999999
9999999	584	0.02
9999999	585	0.02
9999999	586	0.2
9999999	587	0.18
9999999	588	0.18
9999999	589	0.33999999999999997
9999999	590	0.5599999999999999
9999999	591	0.13999999999999999
9999999	592	0.18
9999999	593	0.36
9999999	594	0.76
9999999	595	0.42000000000000004
9999999	596	0.04
9999999	597	0.27999999999999997
9999999	598	0.96
9999999	599	0.38
9999999	600	0.16
9999999	601	0.13999999999999999
9999999	602	0.36
9999999	603	1.22
9999999	604	0.72
9999999	605	0.38
9999999	606	0.13999999999999999
9999999	607	0.6
9999999	608	0.18
9999999	609	0.86
9999999	610	0.27999999999999997
9999999	611	0.3
9999999	612	0.64
9999999	613	0.18
9999999	614	0.45999999999999996
9999999	615	0.08
9999999	616	0.27999999999999997
9999999	617	3.8200000000000003
9999999	618	0.36
9999999	619	0.38
9999999	620	0.18
9999999	621	0.13999999999999999
9999999	622	0.4
9999999	623	0.8800000000000001
9999999	624	0.32
9999999	625	0.38
9999999	626	0.27999999999999997
9999999	627	0.5599999999999999
9999999	628	0.16
9999999	629	0.24
9999999	630	0.27999999999999997
9999999	631	0.12
9999999	632	0.5
9999999	633	0.06
9999999	634	0.54
9999999	635	0.13999999999999999
9999999	636	0.1
9999999	637	0.18
9999999	638	0.18
9999999	639	0.4
9999999	640	0.7
9999999	641	3.0599999999999996
9999999	642	0.16
9999999	643	0.12
9999999	644	0.16
9999999	645	0.76
9999999	646	0.24
9999999	647	0.2
9999999	648	0.2
9999999	649	0.54
9999999	650	0.32
9999999	651	0.5
9999999	652	0.18
9999999	653	0.2
9999999	654	0.06
9999999	655	0.16
9999999	656	0.08
9999999	657	1.6200000000000003
9999999	658	0.2
9999999	659	0.38
9999999	660	0.2
9999999	661	0.48
9999999	662	0.2
9999999	663	0.08
9999999	664	1.5000000000000002
9999999	665	0.16
9999999	666	0.34
9999999	667	0.12
9999999	668	0.32
9999999	669	0.2
9999999	670	0.5
9999999	671	0.5199999999999999
9999999	672	0.12
9999999	673	0.13999999999999999
9999999	674	0.82
9999999	675	0.16
9999999	676	0.16
9999999	677	0.24
9999999	678	0.16
9999999	679	0.18
9999999	680	0.4
9999999	681	1.4000000000000001
9999999	682	0.5
9999999	683	0.2
9999999	684	0.12
9999999	685	0.36
9999999	686	0.32
9999999	687	0.34
9999999	688	0.36
9999999	689	0.8
9999999	690	0.2
9999999	691	0.32
9999999	692	0.6799999999999999
9999999	693	0.6
9999999	694	0.2
9999999	695	0.2
9999999	696	0.36
9999999	697	0.52
9999999	698	0.16
9999999	699	0.18
9999999	700	0.18
9999999	701	0.68
9999999	702	0.36
9999999	703	0.2
9999999	704	0.4
9999999	705	0.36
9999999	706	0.9199999999999999
9999999	707	0.36
9999999	708	0.16
9999999	709	0.04
9999999	710	1.38
9999999	711	0.2
9999999	712	0.27999999999999997
9999999	713	0.04
9999999	714	0.18
9999999	715	0.16
9999999	716	0.33999999999999997
9999999	717	0.13999999999999999
9999999	718	0.7600000000000001
9999999	719	0.08
9999999	720	0.27999999999999997
9999999	721	0.32
9999999	722	0.27999999999999997
9999999	723	0.38
9999999	724	0.08
9999999	725	0.38
9999999	726	0.18
9999999	727	0.13999999999999999
9999999	728	0.4
9999999	729	0.08
9999999	730	0.04
9999999	731	0.38
9999999	732	1.2600000000000002
9999999	733	0.04
9999999	734	0.2
9999999	735	0.2
9999999	736	0.22000000000000003
9999999	737	0.18
9999999	738	6.499999999999997
9999999	739	0.2
9999999	740	1.5
9999999	741	0.16
9999999	742	0.3
9999999	743	0.04
9999999	744	0.08
9999999	745	0.62
9999999	746	0.12
9999999	747	0.18
9999999	748	0.2
9999999	749	0.16
9999999	750	0.04
9999999	751	1.1
9999999	752	0.18
9999999	753	0.16
9999999	754	0.27999999999999997
9999999	755	0.18
9999999	756	0.78
9999999	757	0.8
9999999	758	1.48
9999999	759	0.38
9999999	760	1.18
9999999	761	0.4
9999999	762	0.08
9999999	763	0.13999999999999999
9999999	764	0.34
9999999	765	0.16
9999999	766	0.16
9999999	767	0.76
9999999	768	0.16
9999999	769	0.4
9999999	770	0.78
9999999	771	0.32
9999999	772	0.2
9999999	773	0.16
9999999	774	0.1
9999999	775	0.32
9999999	776	1.6600000000000001
9999999	777	0.27999999999999997
9999999	778	7.3199999999999985
9999999	779	0.2
9999999	780	0.16
9999999	781	0.16
9999999	782	0.18
9999999	783	0.2
9999999	784	0.54
9999999	785	0.13999999999999999
9999999	786	0.19999999999999998
9999999	787	0.13999999999999999
9999999	788	0.2
9999999	789	1.7600000000000002
9999999	790	0.1
9999999	791	0.2
9999999	792	0.18
9999999	793	0.86
9999999	794	0.3
9999999	795	0.42000000000000004
9999999	796	0.52
9999999	797	0.13999999999999999
9999999	798	0.1
9999999	799	1.02
9999999	800	0.4800000000000001
9999999	801	0.44000000000000006
9999999	802	0.04
9999999	803	3.2600000000000007
9999999	804	2.1600000000000006
9999999	805	0.13999999999999999
9999999	806	0.32
9999999	807	0.62
9999999	808	0.06
9999999	809	0.36
9999999	810	0.38
9999999	811	0.16
9999999	812	0.76
9999999	813	0.18
9999999	814	0.6599999999999999
9999999	815	0.36
9999999	816	0.04
9999999	817	0.16
9999999	818	0.16
9999999	819	0.16
9999999	820	6.279999999999999
9999999	821	0.32
9999999	822	0.16
9999999	823	0.58
9999999	824	0.13999999999999999
9999999	825	0.44000000000000006
9999999	826	0.08
9999999	827	0.18
9999999	828	0.12
9999999	829	0.12
9999999	830	0.5
9999999	831	0.18
9999999	832	1.12
9999999	833	0.16
9999999	834	0.76
9999999	835	0.54
9999999	836	0.18
9999999	837	0.16
9999999	838	0.12
9999999	839	2.980000000000001
9999999	840	0.4
9999999	841	0.04
9999999	842	0.3
9999999	843	0.4
9999999	844	0.04
9999999	845	0.02
9999999	846	27.46000000000002
9999999	847	0.13999999999999999
9999999	848	0.4
9999999	849	0.13999999999999999
9999999	850	0.32
9999999	851	0.08
9999999	852	0.36
9999999	853	0.32
9999999	854	0.06000000000000001
9999999	855	0.27999999999999997
9999999	856	0.02
9999999	857	0.2
9999999	858	0.16
9999999	859	0.12
9999999	860	0.16
9999999	861	0.16
9999999	862	0.04
9999999	863	1.7400000000000002
9999999	864	0.08
9999999	865	0.32
9999999	866	0.16
9999999	867	0.02
9999999	868	0.5199999999999999
9999999	869	0.13999999999999999
9999999	870	0.16
9999999	871	0.34
9999999	872	0.28
9999999	873	1.42
9999999	874	0.18
9999999	875	1.5200000000000002
9999999	876	0.04
9999999	877	0.18
9999999	878	0.32
9999999	879	5.220000000000001
9999999	880	0.18
9999999	881	0.16
9999999	882	0.2
9999999	883	1.22
9999999	884	1.3599999999999999
9999999	885	0.04
9999999	886	0.76
9999999	887	0.18
9999999	888	0.8799999999999999
9999999	889	0.18
9999999	890	1.72
9999999	891	0.8400000000000001
9999999	892	1.2
9999999	893	0.18
9999999	894	0.4
9999999	895	0.76
9999999	896	0.32
9999999	897	0.44000000000000006
9999999	898	1.0
9999999	899	0.32
9999999	900	0.16
9999999	901	0.25999999999999995
9999999	902	0.16
9999999	903	0.13999999999999999
9999999	904	0.4
9999999	905	0.2
9999999	906	0.06
9999999	907	0.5
9999999	908	0.32
9999999	909	0.27999999999999997
9999999	910	0.12
9999999	911	0.16
9999999	912	0.18
9999999	913	0.54
9999999	914	0.18
9999999	915	0.34
9999999	916	0.12
9999999	917	0.16
9999999	918	0.04
9999999	919	0.4
9999999	920	0.16
9999999	921	0.16
9999999	922	0.76
9999999	923	2.1799999999999997
9999999	924	0.6799999999999999
9999999	925	0.08
9999999	926	0.18
9999999	927	0.16
9999999	928	3.8600000000000008
9999999	929	0.2
9999999	930	0.38
9999999	931	0.8800000000000001
9999999	932	0.16
9999999	933	0.4
9999999	934	0.13999999999999999
9999999	935	1.46
9999999	936	5.279999999999999
9999999	937	1.8200000000000003
9999999	938	1.4
9999999	939	0.04
9999999	940	0.27999999999999997
9999999	941	0.8400000000000001
9999999	942	0.13999999999999999
9999999	943	0.02
9999999	944	0.72
9999999	945	0.16
9999999	946	0.44000000000000006
9999999	947	2.5400000000000005
9999999	948	0.8
9999999	949	0.68
9999999	950	0.9400000000000001
9999999	951	0.6
9999999	952	0.58
9999999	953	0.64
9999999	954	0.74
9999999	955	0.64
9999999	956	0.18
9999999	957	0.38
9999999	958	0.04
9999999	959	0.36
9999999	960	1.28
9999999	961	0.18
9999999	962	0.16
9999999	963	0.16
9999999	964	0.04
9999999	965	0.9400000000000001
9999999	966	0.04
9999999	967	0.16
9999999	968	0.6
9999999	969	0.32
9999999	970	0.13999999999999999
9999999	971	0.4
9999999	972	1.4800000000000002
9999999	973	0.16
9999999	974	1.3000000000000003
9999999	975	4.64
9999999	976	0.54
9999999	977	0.18
9999999	978	1.7200000000000002
9999999	979	0.18
9999999	980	0.12
9999999	981	0.12
9999999	982	0.16
9999999	983	0.04
9999999	984	0.54
9999999	985	0.27999999999999997
9999999	986	0.34
9999999	987	0.16
9999999	988	0.18
9999999	989	0.34
9999999	990	0.12000000000000002
9999999	991	0.38
9999999	992	0.18
9999999	993	0.13999999999999999
9999999	994	0.4800000000000001
9999999	995	0.18
9999999	996	0.18
9999999	997	0.18
9999999	998	1.06
9999999	999	0.2
9999999	1000	0.24
9999999	1001	1.34
9999999	1002	0.18
9999999	1003	0.38
9999999	1004	1.6600000000000001
9999999	1005	0.24
9999999	1006	0.02
9999999	1007	0.18
9999999	1008	0.9400000000000001
9999999	1009	0.13999999999999999
9999999	1010	0.1
9999999	1011	0.18
9999999	1012	1.9399999999999995
9999999	1013	0.18
9999999	1014	0.18
9999999	1015	0.16
9999999	1016	4.140000000000001
9999999	1017	0.13999999999999999
9999999	1018	0.13999999999999999
9999999	1019	5.460000000000001
9999999	1020	0.33999999999999997
9999999	1021	0.16
9999999	1022	0.9
9999999	1023	0.27999999999999997
9999999	1024	0.2
9999999	1025	0.9800000000000001
9999999	1026	0.13999999999999999
9999999	1027	1.34
9999999	1028	0.72
9999999	1029	0.32
9999999	1030	0.6
9999999	1031	0.38
9999999	1032	0.16
9999999	1033	0.2
9999999	1034	0.06
9999999	1035	9.34
9999999	1036	0.13999999999999999
9999999	1037	0.44000000000000006
9999999	1038	0.45999999999999996
9999999	1039	0.12
9999999	1040	0.16
9999999	1041	0.16
9999999	1042	0.5599999999999999
9999999	1043	0.62
9999999	1044	0.9
9999999	1045	0.02
9999999	1046	0.26
9999999	1047	0.24
9999999	1048	0.2
9999999	1049	0.2
9999999	1050	0.2
9999999	1051	0.32
9999999	1052	0.27999999999999997
9999999	1053	1.7600000000000002
9999999	1054	0.54
9999999	1055	0.34
9999999	1056	1.4600000000000002
9999999	1057	0.08
9999999	1058	0.86
9999999	1059	0.08
9999999	1060	0.02
9999999	1061	1.04
9999999	1062	0.16
9999999	1063	0.32
9999999	1064	0.02
9999999	1065	0.2
9999999	1066	0.16
9999999	1067	1.02
9999999	1068	0.4
9999999	1069	0.36
9999999	1070	0.6599999999999999
9999999	1071	0.32
9999999	1072	0.2
9999999	1073	0.13999999999999999
9999999	1074	0.18
9999999	1075	0.32
9999999	1076	0.13999999999999999
9999999	1077	0.34
9999999	1078	0.6599999999999999
9999999	1079	0.2
9999999	1080	0.5
9999999	1081	0.18
9999999	1082	0.12
9999999	1083	0.06
9999999	1084	1.0799999999999998
9999999	1085	0.18
9999999	1086	0.36
9999999	1087	0.18
9999999	1088	0.8
9999999	1089	0.18
9999999	1090	0.1
9999999	1091	0.24
9999999	1092	0.1
9999999	1093	5.159999999999998
9999999	1094	0.2
9999999	1095	0.24000000000000005
9999999	1096	0.38
9999999	1097	0.76
9999999	1098	0.86
9999999	1099	0.6
9999999	1100	0.9199999999999999
9999999	1101	0.6
9999999	1102	0.2
9999999	1103	0.6199999999999999
9999999	1104	0.13999999999999999
9999999	1105	0.16
9999999	1106	0.16
9999999	1107	0.38
9999999	1108	0.13999999999999999
9999999	1109	0.16
9999999	1110	0.9199999999999999
9999999	1111	0.32
9999999	1112	0.36
9999999	1113	0.48
9999999	1114	0.16
9999999	1115	0.8
9999999	1116	1.0399999999999998
9999999	1117	0.26
9999999	1118	0.68
9999999	1119	0.41999999999999993
9999999	1120	0.2
9999999	1121	0.2
9999999	1122	0.27999999999999997
9999999	1123	0.27999999999999997
9999999	1124	0.2
9999999	1125	0.3
9999999	1126	8.979999999999995
9999999	1127	0.5800000000000001
9999999	1128	0.38
9999999	1129	0.22000000000000003
9999999	1130	0.68
9999999	1131	0.36
9999999	1132	0.32
9999999	1133	0.38
9999999	1134	0.08
9999999	1135	1.04
9999999	1136	0.18
9999999	1137	0.16
9999999	1138	0.06
9999999	1139	1.08
9999999	1140	0.18
9999999	1141	1.8399999999999999
9999999	1142	0.16
9999999	1143	0.2
9999999	1144	0.4
9999999	1145	1.36
9999999	1146	0.16
9999999	1147	0.16
9999999	1148	0.18
9999999	1149	0.04
9999999	1150	0.16
9999999	1151	0.08
9999999	1152	0.33999999999999997
9999999	1153	0.27999999999999997
9999999	1154	1.1199999999999999
9999999	1155	0.18
9999999	1156	0.34
9999999	1157	0.27999999999999997
9999999	1158	0.18
9999999	1159	0.13999999999999999
9999999	1160	0.44000000000000006
9999999	1161	0.13999999999999999
9999999	1162	0.08
9999999	1163	0.36
9999999	1164	0.13999999999999999
9999999	1165	0.16
9999999	1166	0.06000000000000001
9999999	1167	0.36
9999999	1168	0.04
9999999	1169	0.38
9999999	1170	0.02
9999999	1171	0.38
9999999	1172	3.1
9999999	1173	0.04
9999999	1174	0.4800000000000001
9999999	1175	0.16
9999999	1176	0.18
9999999	1177	0.64
9999999	1178	35.500000000000036
9999999	1179	0.1
9999999	1180	0.12
9999999	1181	1.02
9999999	1182	0.5
9999999	1183	0.12000000000000002
9999999	1184	0.18
9999999	1185	0.64
9999999	1186	0.08
9999999	1187	0.7
9999999	1188	0.5
9999999	1189	2.0200000000000005
9999999	1190	0.16
9999999	1191	0.58
9999999	1192	0.72
9999999	1193	0.27999999999999997
9999999	1194	2.46
9999999	1195	0.42000000000000004
9999999	1196	0.18
9999999	1197	0.5199999999999999
9999999	1198	0.8
9999999	1199	0.41999999999999993
9999999	1200	0.5
9999999	1201	0.8600000000000001
9999999	1202	0.13999999999999999
9999999	1203	0.5
9999999	1204	0.1
9999999	1205	0.4
9999999	1206	0.13999999999999999
9999999	1207	0.18
9999999	1208	0.68
9999999	1209	0.12
9999999	1210	0.38
9999999	1211	0.8800000000000001
9999999	1212	0.16
9999999	1213	1.56
9999999	1214	0.13999999999999999
9999999	1215	0.13999999999999999
9999999	1216	0.5800000000000001
9999999	1217	0.18
9999999	1218	0.02
9999999	1219	0.12
9999999	1220	0.64
9999999	1221	1.02
9999999	1222	0.16
9999999	1223	0.16
9999999	1224	0.12
9999999	1225	0.16
9999999	1226	0.44000000000000006
9999999	1227	0.13999999999999999
9999999	1228	0.24
9999999	1229	0.04
9999999	1230	0.68
9999999	1231	0.2
9999999	1232	0.16
9999999	1233	0.5599999999999999
9999999	1234	0.1
9999999	1235	0.16
9999999	1236	0.16
9999999	1237	0.18
9999999	1238	0.36
9999999	1239	0.27999999999999997
9999999	1240	0.3
9999999	1241	0.18
9999999	1242	1.7
9999999	1243	0.16
9999999	1244	1.72
9999999	1245	0.54
9999999	1246	0.54
9999999	1247	0.27999999999999997
9999999	1248	0.32
9999999	1249	0.16
9999999	1250	0.16
9999999	1251	1.3000000000000003
9999999	1252	0.68
9999999	1253	0.36
9999999	1254	0.18
9999999	1255	0.34
9999999	1256	0.13999999999999999
9999999	1257	0.18
9999999	1258	0.72
9999999	1259	1.6200000000000003
9999999	1260	0.4
9999999	1261	0.8200000000000001
9999999	1262	0.34
9999999	1263	0.18
9999999	1264	0.2
9999999	1265	0.18
9999999	1266	0.12
9999999	1267	1.08
9999999	1268	0.39999999999999997
9999999	1269	0.8
9999999	1270	0.16
9999999	1271	0.16
9999999	1272	0.3
9999999	1273	0.16
9999999	1274	0.54
9999999	1275	0.36
9999999	1276	0.04
9999999	1277	0.32
9999999	1278	1.1400000000000001
9999999	1279	0.33999999999999997
9999999	1280	0.13999999999999999
9999999	1281	0.5199999999999999
9999999	1282	0.4800000000000001
9999999	1283	0.02
9999999	1284	0.16
9999999	1285	0.9200000000000002
9999999	1286	0.2
9999999	1287	0.4
9999999	1288	0.18
9999999	1289	0.22000000000000003
9999999	1290	0.5
9999999	1291	0.16
9999999	1292	0.12
9999999	1293	0.24
9999999	1294	0.2
9999999	1295	0.44000000000000006
9999999	1296	0.27999999999999997
9999999	1297	0.27999999999999997
9999999	1298	0.25999999999999995
9999999	1299	1.0399999999999998
9999999	1300	0.45999999999999996
9999999	1301	0.2
9999999	1302	0.25999999999999995
9999999	1303	0.36
9999999	1304	0.18
9999999	1305	1.02
9999999	1306	0.18
9999999	1307	1.2999999999999998
9999999	1308	0.8
9999999	1309	0.8
9999999	1310	0.32
9999999	1311	1.3199999999999998
9999999	1312	0.36
9999999	1313	1.56
9999999	1314	0.34
9999999	1315	0.38
9999999	1316	1.04
9999999	1317	0.2
9999999	1318	0.62
9999999	1319	0.22000000000000003
9999999	1320	0.12
9999999	1321	1.04
9999999	1322	0.48
9999999	1323	0.8
9999999	1324	0.4
9999999	1325	0.1
9999999	1326	0.2
9999999	1327	0.44000000000000006
9999999	1328	0.18
9999999	1329	0.12000000000000002
9999999	1330	0.18
9999999	1331	0.2
9999999	1332	0.3
9999999	1333	0.7
9999999	1334	0.13999999999999999
9999999	1335	0.36
9999999	1336	0.16
9999999	1337	1.6600000000000001
9999999	1338	0.27999999999999997
9999999	1339	0.2
9999999	1340	0.04
9999999	1341	0.4
9999999	1342	0.18
9999999	1343	0.3
9999999	1344	0.02
9999999	1345	0.08
9999999	1346	0.16
9999999	1347	0.76
9999999	1348	0.9400000000000001
9999999	1349	0.13999999999999999
9999999	1350	0.16
9999999	1351	0.12
9999999	1352	0.13999999999999999
9999999	1353	0.5599999999999999
9999999	1354	2.88
9999999	1355	0.16
9999999	1356	5.639999999999999
9999999	1357	0.13999999999999999
9999999	1358	0.5599999999999999
9999999	1359	0.16
9999999	1360	0.13999999999999999
9999999	1361	1.6200000000000003
9999999	1362	0.54
9999999	1363	0.4
9999999	1364	0.36
9999999	1365	0.1
9999999	1366	0.54
9999999	1367	0.27999999999999997
9999999	1368	0.36
9999999	1369	0.2
9999999	1370	0.9400000000000001
9999999	1371	0.16
9999999	1372	6.339999999999999
9999999	1373	0.68
9999999	1374	0.13999999999999999
9999999	1375	0.08
9999999	1376	0.04
9999999	1377	1.4800000000000002
9999999	1378	0.2
9999999	1379	0.18
9999999	1380	0.72
9999999	1381	0.32
9999999	1382	0.22000000000000003
9999999	1383	0.27999999999999997
9999999	1384	0.18
9999999	1385	0.22000000000000003
9999999	1386	0.34
9999999	1387	0.54
9999999	1388	0.54
9999999	1389	0.34
9999999	1390	0.5
9999999	1391	0.8400000000000001
9999999	1392	0.3
9999999	1393	0.26
9999999	1394	0.16
9999999	1395	0.34
9999999	1396	1.1600000000000001
9999999	1397	0.38
9999999	1398	0.4800000000000001
9999999	1399	0.19999999999999998
9999999	1400	0.32
9999999	1401	3.560000000000001
9999999	1402	0.3
9999999	1403	0.16
9999999	1404	0.2
9999999	1405	0.36
9999999	1406	0.2
9999999	1407	0.6
9999999	1408	0.16
9999999	1409	1.3599999999999999
9999999	1410	0.68
9999999	1411	0.13999999999999999
9999999	1412	0.5599999999999999
9999999	1413	0.06
9999999	1414	0.5
9999999	1415	0.13999999999999999
9999999	1416	0.1
9999999	1417	1.2
9999999	1418	0.3
9999999	1419	0.12
9999999	1420	0.18
9999999	1421	0.32
9999999	1422	0.54
9999999	1423	0.26
9999999	1424	0.32
9999999	1425	0.12
9999999	1426	2.06
9999999	1427	0.2
9999999	1428	0.13999999999999999
9999999	1429	0.1
9999999	1430	0.13999999999999999
9999999	1431	0.1
9999999	1432	1.1199999999999999
9999999	1433	0.27999999999999997
9999999	1434	0.16
9999999	1435	0.36
9999999	1436	0.04
9999999	1437	0.1
9999999	1438	1.6
9999999	1439	0.16
9999999	1440	0.48
9999999	1441	0.36
9999999	1442	2.2800000000000002
9999999	1443	0.36
9999999	1444	1.1600000000000001
9999999	1445	0.72
9999999	1446	0.4800000000000001
9999999	1447	0.8
9999999	1448	0.54
9999999	1449	0.36
9999999	1450	0.13999999999999999
9999999	1451	0.1
9999999	1452	0.68
9999999	1453	0.8200000000000001
9999999	1454	0.32
9999999	1455	0.36
9999999	1456	0.38
9999999	1457	0.3
9999999	1458	0.72
9999999	1459	0.18
9999999	1460	2.32
9999999	1461	0.2
9999999	1462	0.13999999999999999
9999999	1463	0.18
9999999	1464	0.4
9999999	1465	0.9800000000000001
9999999	1466	0.4
9999999	1467	0.04
9999999	1468	0.18
9999999	1469	0.19999999999999998
9999999	1470	0.08
9999999	1471	1.9000000000000004
9999999	1472	0.7
9999999	1473	0.1
9999999	1474	0.13999999999999999
9999999	1475	0.12000000000000002
9999999	1476	0.3
9999999	1477	1.22
9999999	1478	0.18
9999999	1479	0.18
9999999	1480	0.2
9999999	1481	1.5400000000000005
9999999	1482	0.2
9999999	1483	0.16
9999999	1484	0.16
9999999	1485	0.16
9999999	1486	0.96
9999999	1487	0.13999999999999999
9999999	1488	0.8
9999999	1489	0.32
9999999	1490	0.13999999999999999
9999999	1491	0.13999999999999999
9999999	1492	0.32
9999999	1493	0.48
9999999	1494	0.4600000000000001
9999999	1495	0.32
9999999	1496	0.5599999999999999
9999999	1497	0.72
9999999	1498	4.799999999999999
9999999	1499	1.52
9999999	1500	0.5
9999999	1501	0.18
9999999	1502	0.5599999999999999
9999999	1503	0.54
9999999	1504	0.4800000000000001
9999999	1505	0.1
9999999	1506	0.2
9999999	1507	0.32
9999999	1508	0.8399999999999999
9999999	1509	0.36
9999999	1510	1.3400000000000003
9999999	1511	0.04
9999999	1512	0.18
9999999	1513	0.54
9999999	1514	0.08
9999999	1515	0.13999999999999999
9999999	1516	1.0400000000000003
9999999	1517	2.8200000000000007
9999999	1518	0.16
9999999	1519	0.27999999999999997
9999999	1520	0.16
9999999	1521	0.3
9999999	1522	0.2
9999999	1523	0.2
9999999	1524	3.660000000000001
9999999	1525	0.25999999999999995
9999999	1526	0.13999999999999999
9999999	1527	0.5
9999999	1528	0.3
9999999	1529	0.18
9999999	1530	0.34
9999999	1531	0.36
9999999	1532	0.13999999999999999
9999999	1533	0.2
9999999	1534	0.34
9999999	1535	5.639999999999999
9999999	1536	0.24000000000000005
9999999	1537	0.18
9999999	1538	0.8200000000000001
9999999	1539	0.3
9999999	1540	0.4800000000000001
9999999	1541	0.2
9999999	1542	0.16
9999999	1543	0.27999999999999997
9999999	1544	0.2
9999999	1545	2.52
9999999	1546	0.08
9999999	1547	5.26
9999999	1548	0.41999999999999993
9999999	1549	0.16
9999999	1550	0.18
9999999	1551	0.32
9999999	1552	0.72
9999999	1553	0.32
9999999	1554	0.16
9999999	1555	0.16
9999999	1556	0.36
9999999	1557	0.18
9999999	1558	0.18
9999999	1559	0.04
9999999	1560	1.1
9999999	1561	3.2400000000000007
9999999	1562	0.18
9999999	1563	0.12
9999999	1564	0.16
9999999	1565	0.08
9999999	1566	0.2
9999999	1567	0.8600000000000001
9999999	1568	0.38
9999999	1569	1.24
9999999	1570	0.86
9999999	1571	0.2
9999999	1572	0.16
9999999	1573	0.1
9999999	1574	0.18
9999999	1575	0.2
9999999	1576	0.18
9999999	1577	0.18
9999999	1578	0.18
9999999	1579	0.32
9999999	1580	0.36
9999999	1581	0.32
9999999	1582	0.38
9999999	1583	0.2
9999999	1584	0.74
9999999	1585	0.34
9999999	1586	0.9400000000000001
9999999	1587	0.16
9999999	1588	0.13999999999999999
9999999	1589	0.36
9999999	1590	0.16
9999999	1591	1.12
9999999	1592	0.16
9999999	1593	20.36
9999999	1594	1.0
9999999	1595	0.16
9999999	1596	0.8
9999999	1597	0.18
9999999	1598	0.16
9999999	1599	0.5199999999999999
9999999	1600	0.18
9999999	1601	0.4800000000000001
9999999	1602	0.1
9999999	1603	0.36
9999999	1604	0.5
9999999	1605	0.16
9999999	1606	0.2
9999999	1607	0.16
9999999	1608	0.8400000000000001
9999999	1609	0.4
9999999	1610	0.32
9999999	1611	3.4199999999999995
9999999	1612	0.2
9999999	1613	0.16
9999999	1614	0.36
9999999	1615	0.32
9999999	1616	0.64
9999999	1617	0.06
9999999	1618	1.2400000000000002
9999999	1619	0.9
9999999	1620	0.74
